/**:
  ros__parameters:
    world_frame: "world"
    agent_frame: "base"
    agent_prefix: "agent"

    kp: 1.0
    timer_period: 0.1
    dt: 0.1

    x_wall: [-0.147438555, -0.147438555, 0.017812514, -0.060963439, 0.02820195, -0.037428781, -0.116106342, -0.213210403, -0.179145189, -0.229002515, -0.179255032, -0.103179259, -0.006267151, -0.098104258, -0.221270408, -0.289492992, -0.171547339, -0.260742215, -0.245017895, -0.276498677, -0.349884524, -0.404976722, -0.305385406, -0.373590601, -0.4758192, -0.557123572, -0.609593726, -0.499448151, -0.460124057, -0.614875956, -0.709268829, -0.808944347, -0.746014975, -0.764374054, -0.835174011, -0.85616244, -0.798474763, -0.877151419, -0.905994462, -0.950581866, -0.961072943, -0.832591761, -0.688356817, -0.667382176, -0.709344584, -0.628074766, -0.748705627, -0.334464998, -0.329201835, -0.418334981, -0.410428815, -0.32649854, -0.310720152, 0.088018698, 0.195467883, 0.032660635, 0.203021837, 0.389366966, 0.921378699, 1.0]
    y_wall: [-1.0, -0.997184989, -0.832499303, -0.741104367, -0.644397738, -0.586964315, -0.667985399, -0.634070464, -0.532178828, -0.521752374, -0.291877768, -0.281394255, 0.000707023, 0.060719153, -0.200485946, -0.161339696, 0.060683781, 0.094591262, 0.125932378, 0.141586507, -0.007284331, 0.016198882, 0.232963721, 0.274714754, 0.086681897, 0.060547338, 0.110148924, 0.167622047, 0.227688464, 0.279868757, 0.141464328, 0.209340085, 0.326842262, 0.334672447, 0.232836973, 0.316386428, 0.399939369, 0.436483035, 0.368600703, 0.535685018, 0.627053431, 0.666217399, 0.548764329, 0.567042064, 0.608803166, 0.69235203, 0.812404264, 0.851662588, 0.799460933, 0.765496689, 0.642812527, 0.582800812, 0.465329049, 0.238381008, 0.361163561, 0.726544976, 0.828450815, 0.577990899, 0.855177399, 0.855177399]
    cbf_keep_inside: False
    delta_decrease: 0.5
    delta_increase: 0.05
    sensing_radius: 0.01
    d: 0.01
